3.270178924111207
3.270178924111207
3.270178924111207
3.2154698866825897
3.1795363544801765
3.6262069988072243
3.6309393305082693
3.664710380990704
3.7640748715344468
3.7973407566592394
3.7832370975748395
3.8120017117287515
3.849065658419602
3.8843807530702357
3.953556816408496
3.985019684453703
3.987818443841538
4.024547469063837
4.057557074829875
4.109948851921225
4.107686697880289
4.126445729022606
4.131132087372099
4.157235730291811
4.154029698068786
-2.0999670333409117
4.18160947864864
4.18645559424203
4.182073687663648
4.153580600290486
4.145371260034526
4.08379594001176
4.040758890035836
3.9817312540343135
3.8937602843489834
3.8281901200506914
3.806703209114401
3.7535595914801316
3.690731272364803
3.633933350728706
3.579447703417915
3.494992974052579
3.430281750475203
3.380306248504283
3.3030715698366535
3.152733977139589
3.169675186769463
3.332490591896502
3.3824240815062545
3.3939542143032932
3.4354320739701008
3.4671433352123744
3.529849836556327
3.573936527132031
3.595991805271554
3.639958140000915
3.6792039087097512
3.703378911401595
3.744434478072622
3.779266261542311
3.8219074044781376
3.7952272517992336
3.884794530376114
3.884700112039191
3.9408264709258507
3.9544776485798705
3.9895525113826373
4.034589132672933
4.094201771577283
4.101343150629152
4.113042763523612
4.082845535961679
4.085371518558985
4.0739868009341835
4.077074318650359
4.097019314609232
4.124810380694854
4.143646874975785
4.163844543256002
4.227577385561354
4.2474416926871195
4.258949282627432
4.278805820195898
4.288106355392518
4.29553516168315
4.308672597248686
4.320710579111882
4.326716799000207
4.323360792325984
4.285254384293589
4.2348677842363145
4.189665196708326
4.130372588364501
4.071500204425286
4.017656970114572
3.981456713159023
3.9296667765866875
3.8811585026444853
3.8383591783770274
3.77528366935183
3.7196974724856253
3.625739139521205
3.5800677286596763
3.5171241415599073
3.459003380333956
3.264743241408118
3.191494301153024
3.1052824905918937
3.045208704584574
2.970243940492967
2.890599992987057
2.823432755194321
2.572031680455477
2.5550125973191573
2.5129791760337357
2.4776295799131134
2.4404282539054565
2.40431517961168
2.367185104327603
2.3151765003785454
2.072127422481887
2.068543968625041
2.039939748457143
2.025288959503012
2.0196922873814236
2.0174782053393443
2.0054369242790795
1.8999959634880352
1.845519257075838
1.7951639473603958
1.720529885056933
1.6759593378163695
1.6052016897837105
1.5395029835871232
1.362185422534935
1.340585557480247
1.333305631202117
1.3211855763128348
1.327563861248554
1.330526679215887
1.3369547826800705
1.3413657763475109
1.3481945290926516
1.3358997416554002
1.340669407765222
1.3455170308500164
1.3500838827810622
1.3528717413259732
1.3636922329614434
1.3211135464222195
1.2997284355505954
1.2484256424331703
1.1011996182748875
1.0141053947230643
0.9849241780729834
0.9085109128356501
0.8689363715795035
0.8224311403981109
0.754245104006168
0.6791702916948948
0.6123242149021394
0.5310527439857872
0.3453812481076546
0.3229455764105793
0.3229889452172805
0.30045898049948483
0.3026876965869918
0.2715194481979315
0.2767348356001553
0.30609809029431223
0.236132738748011
0.33308288388295804
0.33001618852939396
0.3413800286067874
0.32758585745914215
0.27335821742208766
0.3425270950915431
0.2699488698093482
0.34821922263141425
0.351384514546238
0.3600077413791163
0.37128583778141366
0.29315739323770384
0.37135319932970456
0.2999345895628269
0.37191893498940676
0.31498298614724196
0.38624550697017446
0.3974841096776638
0.4014151034381923
0.4149830797158107
0.4093496573480535
0.4079229127552797
0.41125130524727926
0.4267160850738785
0.4606687013156072
0.4385504767502504
0.43489971116906423
0.45315754767687566
0.4569845338674423
0.4505992848231142
-2.648780098229814
-2.6618195707604233
-2.655272126577668
-2.656316987778503
-2.6505991579501953
-2.646108676316347
-2.6344447708211716
-2.6284528226339097
-2.5417001495858855
-2.5076698186440485
-2.421636045447615
-2.39123414254556
-2.402464131748772
-2.3851529555201134
-2.616300489312314
-2.767761763276738
-2.758924467839533
-2.8306971898130486
-2.9215008195651904
-2.989253090139785
-3.070184600071414
-0.27913118635839074
-0.3688284283368002
-0.4053940630001618
-0.48790001230590363
-0.5425260288130191
-0.5810697226947186
-0.5888105901601981
-0.6046887838086326
-0.6020561644810667
-0.5887692702876002
-0.5856636971700127
-0.5877813291969349
-0.5882869361651146
-0.5971157249865875
-0.5857763476600966
-0.5922815680807063
-0.5719896726221507
-0.5681316095600524
-0.5559829110773735
-0.5597666176718397
-0.5496956285151102
-0.5585578619814404
-0.5500629741435521
-0.5655489651950427
-0.5621835549756764
-0.5547673397477073
-0.5468273585951078
-0.5423795687393391
-0.5344238934709014
-0.5214275894654199
-0.5344070984183444
-0.5229185784495234
-0.519313402475007
-0.5297886282806525
-0.48883868475924563
-0.5232167319077174
-0.5250934798239495
-0.5469964007474244
-0.5055686200551646
-0.510799420337414
-0.5081710639828765
-0.5079977483976601
-0.4928716864544751
-0.49796221838095
-0.49862393300007035
-0.5329425137354795
-0.3768537494748698
-0.14006393909334514
-0.09121656537458356
0.002904088677946559
0.05153676900047843
0.09944222657293178
0.15505364357885676
0.21718005516562666
0.2893778036866814
0.358383045106764
0.2979569478599149
0.21279913320876664
0.16640772192372633
0.15943349851205557
0.16717819470015294
0.16330479128888165
0.19207905871956754
0.21104343992526364
0.22873759300262186
-0.1260545930719712
-0.16258503443922323
-0.31822598302781513
-0.3546400651179018
-0.4923513857276667
-0.3814248977419976
-0.2643430895835215
-0.253569910129849
-0.3565167337072157
-0.3679644212661157
-0.2353395820811297
-0.35246466013461797
-0.27481370213867495
-0.21335377505774078
-0.14831291605682195
-0.05762010983362309
0.18700246193282366
-2.2035722719996746
